X[0]=0.5881307952
X[1]=0.8874117048
X[2]=0.8977137243
X[3]=0.9544122738
X[4]=0.8915307289
X[5]=0.9522779495
X[6]=0.8158374748
X[7]=0.6214889036
X[8]=0.03588958341
X[9]=0.6403555325